16
0,0
0,3/20
0,3/10
0,9/20
0,3/5
0,3/4
0,9/10
0,1
1,0
1,3/20
1,3/10
1,9/20
1,3/5
1,3/4
1,9/10
1,1
7
4 0 1 9 8
4 1 2 10 9
4 2 3 11 10
4 3 4 12 11
4 4 5 13 12
4 5 6 14 13
4 6 7 15 14
9999999999999999998,0
9999999999999999998,3/20
9999999999999999998,0
9999999999999999998,3/20
9999999999999999998,0
9999999999999999998,3/20
9999999999999999998,0
9999999999999999998,1/10
9999999999999999999,0
9999999999999999999,3/20
9999999999999999999,0
9999999999999999999,3/20
9999999999999999999,0
9999999999999999999,3/20
9999999999999999999,0
9999999999999999999,1/10