6
0,0
0,17/20
0,1
1,0
1,17/20
1,1
2
4 0 1 4 3
4 1 2 5 4
0,2026361512767441299142070012587130756440596857045698221460007551417386516505804798107247091283886387911820736233823837784231118489351/10971665226767812293075650242008727424636718549222941044874123395200169493145104144353014307126359982040531385661530991934199739352342
0,113522769555200817482563727182945490673818076238851981096030124373375305856791433208073092523412923726462724140461251809283008969388417/109716652267678122930756502420087274246367185492229410448741233952001694931451041443530143071263599820405313856615309919341997393523420
0,24266317928762274760737562954983099884215749603754392382179734820143762904268444247885892765680845938350481765492238830345427340089976/27429163066919530732689125605021818561591796373057352612185308488000423732862760360882535767815899955101328464153827479835499348380855
1,2026361512767441299142070012587130756440596857045698221460007551417386516505804798107247091283886387911820736233823837784231118489351/10971665226767812293075650242008727424636718549222941044874123395200169493145104144353014307126359982040531385661530991934199739352342
1,113522769555200817482563727182945490673818076238851981096030124373375305856791433208073092523412923726462724140461251809283008969388417/109716652267678122930756502420087274246367185492229410448741233952001694931451041443530143071263599820405313856615309919341997393523420
1,24266317928762274760737562954983099884215749603754392382179734820143762904268444247885892765680845938350481765492238830345427340089976/27429163066919530732689125605021818561591796373057352612185308488000423732862760360882535767815899955101328464153827479835499348380855