4
0,0
0,1
1,0
1,1
1
4 0 1 3 2
249999999999999999999999999999999999999999999999999999999999999999999999999999999999999999999999999990,249999999999999999999999999999999999999999999999999999999999999999999999999999999999999999999999999990
249999999999999999999999999999999999999999999999999999999999999999999999999999999999999999999999999990,249999999999999999999999999999999999999999999999999999999999999999999999999999999999999999999999999991
249999999999999999999999999999999999999999999999999999999999999999999999999999999999999999999999999991,249999999999999999999999999999999999999999999999999999999999999999999999999999999999999999999999999990
249999999999999999999999999999999999999999999999999999999999999999999999999999999999999999999999999991,249999999999999999999999999999999999999999999999999999999999999999999999999999999999999999999999999991