6
0,0
0,9/10
0,1
1,0
1,9/10
1,1
2
4 0 1 4 3
4 1 2 5 4
0,422548940205658786107424794195472508567128557782441964668090244817064405684116201584684545439/3799633650222911249669120772436021991858671821833983970669484369245244111554598594224135864320
0,3842219225406278910809633489387892301239933197433027538270626177137784106083254936386406823327/3799633650222911249669120772436021991858671821833983970669484369245244111554598594224135864320
0,692451172076797557168544282428858020410813203049925828240735548042651938985559015392798647379/759926730044582249933824154487204398371734364366796794133896873849048822310919718844827172864
1,422548940205658786107424794195472508567128557782441964668090244817064405684116201584684545439/3799633650222911249669120772436021991858671821833983970669484369245244111554598594224135864320
1,3842219225406278910809633489387892301239933197433027538270626177137784106083254936386406823327/3799633650222911249669120772436021991858671821833983970669484369245244111554598594224135864320
1,692451172076797557168544282428858020410813203049925828240735548042651938985559015392798647379/759926730044582249933824154487204398371734364366796794133896873849048822310919718844827172864