6
0,0
0,1
3/4,0
3/4,1
1,0
1,1
2
4 0 1 3 2
4 2 3 5 4
3581737030278048335617677259243056087677,1296180120209289471921472186663980202660
3581737030278048335617677259243056087677,1296180120209289471921472186663980202661
14326948121112193342470709036972224350711/4,1296180120209289471921472186663980202660
14326948121112193342470709036972224350711/4,1296180120209289471921472186663980202661
7163474060556096671235354518486112175355/2,1296180120209289471921472186663980202660
7163474060556096671235354518486112175355/2,1296180120209289471921472186663980202661